100 14
11111111111111111111111111
15555555555555555555555551
12222222222222222222222221
15555555555555555555555551
12222222222222222222222221
15555555555555555555555551
12222222222222222222222221
10000000000000055000000001
10000000000000000000000001
10000000000000000000000001
10000000000000000000000001
10000000000005050000000001
10000000000000005000000001
10000000000000550000000001
10202202202220005000000001
10200262000002005000000001
10222202626262002200002221
10000000766060203332823331
11111111111411111111111111
;def 257;abc 230;szymon 224;asd 122;xyz 122;
